33
Hello, World!
14
35.77203001214324
99.91152313095394
96
15.399413864143375
51.318759149429205
80
73
26.35847240785152
94.07132270749182
71
19.626282233962332
8
99.55735210400127
44.456791270672426
51.6461480280366
70.51110059088965
45
55.36598006414452
57
61
29.60920921252228
97.86279262402647
79.58838119406589
82
55.08782351155187
66.32420882970011
4.099212480925496
93.66391198703037
19.83211202957652
9.382658280675948
79.1519638147948
91.05071077983798
52.14252098655216
95.71481823335483
88.56624164302532
80.02742349147343
11.953062120945612
57.05801005615627
24.96472786724623
67
71.43095084358426
23.827983048788514
34.55693166243918
11.625040396172137
22.460167652046437
91.56562618552525
98.20348389206465
62
33.889538930655405
37
68.71609542881593
26
93.51870714179955
23
33.41575951099271
70
92.04440883160049
48.22448713643417
65
28.007718356826793
38.371004202048276
65.46893126093543
31
22.316255413189012
66.8723409010848
8.298445171185564
50.558093576698106
93.72569229466835
63.65251481139252
57.98229748578131
77
73
17.22812073222304
77
80.0453695655233
31
20.727189820688764
51
81
66.80620157661696
79
96.67081957125865
58
18.93829040902536
86
65.11066858437478
45
13.469849368347898
29.455870291531404
84.72781591941141
64.13813452851115
52.301528831479246
81.80126480207035
65.73603193253588
79.28106420702186
89.02035687554188
