128
Hello, World!
12
66.28760875273139
53.11269098142951
4.494201410931797
81.85347546390047
99.04339426390088
3.7502654672417313
15.238887291334724
96.99035549130835
63.87321117979483
91.8217531478435
57.693924708906344
1.5681082250356138
46.034914526739534
9.3361823395397
57.114276395635834
81.60001820627285
30.033398116703026
56.47140401699712
62.639653848523956
95.84151363232968
98.29082627212016
57.61320805278293
58.33570404807473
47.73467592167591
27.8916953339028
64.28894474331169
0.9901881873088159
37.554725069903284
57.81919844172377
39.897404664547246
54.446004682797856
98.01339988603912
11.607353569713098
55.20767767912932
67.30639185882364
86.36776779007056
62.98300311265861
81.29506528279367
79.86045900916058
55.74060081330057
70.35694786467965
14.171882470555763
11.43828577429753
19.02517930240285
44.141989319653895
63.741277594650946
72.92857456892521
61.40128937744558
12.644867846529518
29.47944551911347
45.57191927001891
39.1616537173863
42.03632487824343
28.48062512231865
1.61347685801978
89.89864341581425
88.60998600704615
47.417476132230426
95.42121424674721
91.23330300844597
56.35909536911845
11.856197495478193
40.976523185512626
80.0725617726678
79.03473489879865
51.15150214105131
15.877591746162366
96.19653444939084
1.9262165583283641
90.2949639769952
30.74472085540091
31.266382428146088
86.0122864197461
45.24971444361082
36.67829154564948
25.915546185188354
19.66577136030293
88.64249520324272
62.8834090298978
91.58306408576973
58.17914956626662
43.2046195947812
78.48776936284519
0.6077176900923131
19.852204408119977
75.9014595250138
38.78486908234101
24.200039609567813
28.968021326819184
44.26619275894053
27.738243403330976
93.50485822962176
68.9581010680941
51.27627941474449
11.054816647249243
56.94066666723013
