2
Hello, World!
14
3.5589121549462144
26.246187328575445
65.00333918752371
39.9303346826361
93.96612443226026
22
6.941843557113236
3.102998247025379
44.06718831210718
56.049658045741566
41.37520767153793
42.488306252059175
10.190614485324323
86
33.107897389118904
4
18.66181497512858
48.37102170871831
1.254804445011748
29.313922047125384
5
30.133730440800377
54.030040069119934
76
3.6622999350024665
62.748391257361206
76.45906644453794
37.946008706838555
85.81037061633914
56
80.06319302411333
44.74314280473949
8.054861087972364
72.8941286430404
66.87137915792515
73.10273034188471
90.87077014577974
6
67.72421907882338
93.11149262349733
33.94839798821375
22.48839578099311
41.62839234240607
86.58104186037059
77.4340565279949
69
79.97384720809481
75.67774482194396
91.34456358846275
89
81.85614743303303
98.80822225956841
35
60.99776399659764
53
42
37.08987566877491
39
16
85.24519404720256
6.7836476946878665
9
84
81.12019566590911
87.93805932135471
32.06799183360036
34.71568857793584
58.32272139145144
73.47245130099314
51.24668082591467
18.73461433120296
0.44426932566573596
83.05087309137583
39.21284788945215
47.75240345184017
7
14.326931438883461
94.24746590973197
31.882147158659645
20.31639587224007
20
21.04497741180198
81
73.07049088017766
42.780172267009064
25.251066678775345
80.15704215889848
73.8544709176965
74.60549008350542
1.0127268391870836
29.928019803127835
80.78824173351073
31.53013617226541
83.14522762672027
16.69674028251181
49.425538409109606
